{
    "camera_angle_x": 0.691111147403717,
    "frames": [
        {
            "file_path": "/Users/zhenyu/Downloads/blender/train_start/r_0",
            "rotation": 0.6283185307179586,
            "transform_matrix": [
                [
                    0.8592766523361206,
                    -0.4537835419178009,
                    0.2360597848892212,
                    0.951587438583374
                ],
                [
                    0.5115112066268921,
                    0.7623012065887451,
                    -0.3965517282485962,
                    -1.5985511541366577
                ],
                [
                    -1.4901161193847656e-08,
                    0.4614948034286499,
                    0.8871428966522217,
                    3.5761873722076416
                ],
                [
                    0.0,
                    0.0,
                    0.0,
                    1.0
                ]
            ]
        },
        {
            "file_path": "/Users/zhenyu/Downloads/blender/train_start/r_1",
            "rotation": 0.6283185307179586,
            "transform_matrix": [
                [
                    0.7008286118507385,
                    -0.10256122797727585,
                    0.7059181928634644,
                    2.8456473350524902
                ],
                [
                    0.7133297324180603,
                    0.10076384246349335,
                    -0.6935469508171082,
                    -2.7957770824432373
                ],
                [
                    0.0,
                    0.989609956741333,
                    0.14377816021442413,
                    0.5795882940292358
                ],
                [
                    0.0,
                    0.0,
                    0.0,
                    1.0
                ]
            ]
        },
        {
            "file_path": "/Users/zhenyu/Downloads/blender/train_start/r_2",
            "rotation": 0.6283185307179586,
            "transform_matrix": [
                [
                    -0.5528996586799622,
                    0.19426241517066956,
                    -0.8102863430976868,
                    -3.266368865966797
                ],
                [
                    -0.8332477807998657,
                    -0.1289023756980896,
                    0.5376636385917664,
                    2.167391777038574
                ],
                [
                    0.0,
                    0.9724434614181519,
                    0.2331387996673584,
                    0.9398126006126404
                ],
                [
                    0.0,
                    0.0,
                    0.0,
                    1.0
                ]
            ]
        },
        {
            "file_path": "/Users/zhenyu/Downloads/blender/train_start/r_3",
            "rotation": 0.6283185307179586,
            "transform_matrix": [
                [
                    -0.8820494413375854,
                    0.4372628927230835,
                    -0.17547060549259186,
                    -0.707344651222229
                ],
                [
                    -0.4711568355560303,
                    -0.8185968399047852,
                    0.3284973204135895,
                    1.324215054512024
                ],
                [
                    0.0,
                    0.3724250793457031,
                    0.9280622601509094,
                    3.7411386966705322
                ],
                [
                    0.0,
                    0.0,
                    0.0,
                    1.0
                ]
            ]
        },
        {
            "file_path": "/Users/zhenyu/Downloads/blender/train_start/r_4",
            "rotation": 0.6283185307179586,
            "transform_matrix": [
                [
                    -0.9990124702453613,
                    -0.03346855938434601,
                    0.029221588745713234,
                    0.11779599636793137
                ],
                [
                    0.04443023353815079,
                    -0.7525395154953003,
                    0.6570464968681335,
                    2.648639440536499
                ],
                [
                    0.0,
                    0.657696008682251,
                    0.7532833218574524,
                    3.0365824699401855
                ],
                [
                    0.0,
                    0.0,
                    0.0,
                    1.0
                ]
            ]
        },
        {
            "file_path": "/Users/zhenyu/Downloads/blender/train_start/r_5",
            "rotation": 0.6283185307179586,
            "transform_matrix": [
                [
                    -0.1428895890712738,
                    0.9301019906997681,
                    -0.33836793899536133,
                    -1.3640047311782837
                ],
                [
                    -0.9897387027740479,
                    -0.1342797875404358,
                    0.04885053262114525,
                    0.19692279398441315
                ],
                [
                    0.0,
                    0.3418760299682617,
                    0.9397450685501099,
                    3.788233518600464
                ],
                [
                    0.0,
                    0.0,
                    0.0,
                    1.0
                ]
            ]
        },
        {
            "file_path": "/Users/zhenyu/Downloads/blender/train_start/r_6",
            "rotation": 0.6283185307179586,
            "transform_matrix": [
                [
                    -0.34585410356521606,
                    0.14360204339027405,
                    -0.9272342324256897,
                    -3.7378008365631104
                ],
                [
                    -0.9382883906364441,
                    -0.05293187499046326,
                    0.34177955985069275,
                    1.3777574300765991
                ],
                [
                    -3.725290742551124e-09,
                    0.9882189631462097,
                    0.15304681658744812,
                    0.6169514656066895
                ],
                [
                    0.0,
                    0.0,
                    0.0,
                    1.0
                ]
            ]
        },
        {
            "file_path": "/Users/zhenyu/Downloads/blender/train_start/r_7",
            "rotation": 0.6283185307179586,
            "transform_matrix": [
                [
                    -0.16158853471279144,
                    -0.2685190439224243,
                    0.9496244788169861,
                    3.8280587196350098
                ],
                [
                    0.9868583083152771,
                    -0.043967410922050476,
                    0.15549185872077942,
                    0.6268077492713928
                ],
                [
                    3.725290742551124e-09,
                    0.9622703790664673,
                    0.27209484577178955,
                    1.0968494415283203
                ],
                [
                    0.0,
                    0.0,
                    0.0,
                    1.0
                ]
            ]
        },
        {
            "file_path": "/Users/zhenyu/Downloads/blender/train_start/r_8",
            "rotation": 0.6283185307179586,
            "transform_matrix": [
                [
                    -0.9744495153427124,
                    -0.22459661960601807,
                    0.0021242694929242134,
                    0.008563205599784851
                ],
                [
                    0.22460666298866272,
                    -0.9744059443473816,
                    0.009216081351041794,
                    0.037151217460632324
                ],
                [
                    0.0,
                    0.009453319944441319,
                    0.9999552369117737,
                    4.030948638916016
                ],
                [
                    0.0,
                    0.0,
                    0.0,
                    1.0
                ]
            ]
        },
        {
            "file_path": "/Users/zhenyu/Downloads/blender/train_start/r_9",
            "rotation": 0.6283185307179586,
            "transform_matrix": [
                [
                    0.6303862929344177,
                    -0.750603199005127,
                    0.19801023602485657,
                    0.798204779624939
                ],
                [
                    0.7762816548347473,
                    0.6095339059829712,
                    -0.16079594194889069,
                    -0.6481891870498657
                ],
                [
                    0.0,
                    0.2550751566886902,
                    0.9669212102890015,
                    3.8977839946746826
                ],
                [
                    0.0,
                    0.0,
                    0.0,
                    1.0
                ]
            ]
        }
    ]
}
